PRIO 5
0000:    0  400   50   50 2 |  3150  3150   314  2436
0001:    0  300   40   40 4 |  2843  2843   254  2289
0002:    1  200   30   50 2 |  2818  2817   290  2327
0003:    1  301   20   10 4 |   894   893   127   465
0004:    9  302   20   20 4 |  1141  1132   320   510
0005:   10  303   15   30 1 |  2763  2753   492  1958
0006:   10  304    5   40 3 |  2739  2729  2009   416
0007:   11  305   20   40 3 |  1847  1836   553   978
0008:   20  306   20   10 3 |  1524  1504   168  1030
0009:   50  307   20   10 1 |  2800  2750   179  2264
SUM: 3150 96.13 82.35 2240.70 1467.30 0.317
