PRIO 2
0000:    0  400   50   50 2 |  3221  3221   254  2567
0001:    0  300   40   40 4 |  2843  2843   338  2205
0002:    1  200   30   50 2 |  2679  2678   380  2098
0003:    1  301   20   10 4 |  1182  1181   137   743
0004:    9  302   20   20 4 |  1410  1401   327   772
0005:   10  303   15   30 1 |  2500  2490   564  1623
0006:   10  304    5   40 3 |  2450  2440  1979   157
0007:   11  305   20   40 3 |  1970  1959   474  1180
0008:   20  306   20   10 3 |  1906  1886   141  1439
0009:   50  307   20   10 1 |  2547  2497   173  2017
SUM: 3221 94.01 79.14 2259.60 1480.10 0.310
